augmented training, augmented testing
--random_brightness=10 --random_crop=10 --random_scale=25

Disease: banana healthy
[[0, 0], [0, 0], [1, 0], [1, 0], [6, 6], [3, 3], [5, 5], [12, 12], [27, 27], [43, 43]]
Disease: tomato healthy
[[0, 0], [0, 0], [1, 1], [0, 0], [12, 9], [9, 8], [19, 19], [21, 21], [33, 33], [15, 15]]
Disease: tomato septoria
[[0, 0], [0, 0], [0, 0], [6, 2], [8, 6], [6, 6], [8, 7], [13, 13], [32, 32], [34, 34]]
Disease: soy frogeye leaf spot
[[0, 0], [0, 0], [7, 3], [5, 2], [20, 8], [20, 8], [15, 8], [15, 9], [10, 8], [10, 10]]
Disease: soy healthy
[[0, 0], [0, 0], [0, 0], [4, 2], [9, 6], [5, 3], [12, 12], [26, 26], [30, 30], [17, 17]]
Disease: potato healthy
[[0, 0], [0, 0], [2, 2], [12, 6], [21, 14], [16, 13], [28, 22], [13, 12], [15, 14], [3, 3]]
Disease: corn gray leaf spot
[[0, 0], [0, 0], [1, 1], [3, 2], [12, 4], [32, 25], [13, 8], [16, 15], [19, 16], [4, 4]]
Disease: banana speck
[[0, 0], [0, 0], [0, 0], [1, 0], [3, 1], [2, 2], [6, 4], [7, 7], [6, 6], [78, 78]]
Disease: potato early blight
[[0, 0], [0, 0], [1, 0], [6, 6], [14, 7], [27, 15], [22, 18], [17, 16], [11, 11], [3, 3]]
Disease: corn healthy
[[0, 0], [0, 0], [0, 0], [0, 0], [6, 3], [7, 4], [13, 12], [22, 22], [18, 18], [36, 36]]
Total counts:
[[0, 0], [0, 0], [13, 7], [38, 20], [111, 64], [127, 87], [141, 115], [162, 153], [201, 195], [243, 243]]